l=[[1.0, 1.0], [1.0, 1.0]]
sum=[2.0, 2.0]
mean=[1.0, 1.0]
l=[[1.5, 1.5], [1.5, 1.5], [5.0, 5.0], [3.0, 4.0], [4.0, 4.0], [3.0, 3.5]]
sum=[18.0, 19.5]
mean=[3.0, 3.25]
l=[[1.0, 1.0], [1.5, 1.5]]
sum=[2.5, 2.5]
mean=[1.25, 1.25]
l=[[5.0, 5.0], [3.0, 4.0], [4.0, 4.0], [3.0, 3.5]]
sum=[15.0, 16.5]
mean=[3.75, 4.125]
l=[[1.0, 1.0], [1.5, 1.5]]
sum=[2.5, 2.5]
mean=[1.25, 1.25]
l=[[5.0, 5.0], [3.0, 4.0], [4.0, 4.0], [3.0, 3.5]]
sum=[15.0, 16.5]
mean=[3.75, 4.125]
iterations=3
1.25,1.25
3.75,4.125
0
0
1
1
1
1
